00100001100001011111111111111100
00000000100000000001000000100000
00000000000010000000100000100000
00000000111010000011100000100000
00100000011000111111111111111110
00100000101000101111111111111111
00001000000000000000000000000010
10000000000010110000000000000000
00000001011010100110000000101011
10000000000010100000000000000000
10101100000101110000000000000000
00100010111101111111111111111111
10100000000010100000011111010100
00100000000010100000000000000110
00100000000011100000000000000000
10000000000010110000000000000000
00100000000011010000000000000100
00100010111101110000000000000001
00010101100010100000000000011010
00100001110011100000000000000001
00000000000010110101101000000010
00100001101011011111111111111111
10101100000011100000011111011000
00100000000011100000000000000000
10000000000010100000000000000000
10000000000010110000000000000000
00010101011010100000000000100101
00100001110011100000000000000001
00100010111101110000000000000001
00010110111101010000000000100001
00100010110101100000000000000001
00000001110011110110000000101011
00010101100000000000000000101110
10101100000011100000011111011110
10101100000010100000011111011010
